0.12663333333333332
0.1291
0.1318
0.13411666666666666
0.13648333333333335
0.13898333333333332
0.14098333333333332
0.14305
0.14551666666666666
0.14755
0.15001666666666666
0.15218333333333334
0.15383333333333332
0.15551666666666666
0.15743333333333334
0.1593
0.16111666666666666
0.16318333333333335
0.16526666666666667
0.1675
0.16908333333333334
0.17093333333333333
0.17311666666666667
0.17508333333333334
0.17663333333333334
0.17788333333333334
0.17983333333333335
0.18138333333333334
0.18323333333333333
0.18498333333333333
0.18651666666666666
0.18835
0.19013333333333332
